40
1
0.8282928466796875
0.1541900634765625
0.0772857666015625
-0.647369384765625
-0.025238037109375
-0.8264617919921875
-0.5826416015625
-0.827392578125
0.1646728515625
-0.652587890625
0.9832916259765625
-0.0977325439453125
0.85028076171875
-0.4908294677734375
0.2583160400390625
0.0418701171875
-0.2869873046875
-0.3431549072265625
-0.3759307861328125
-0.098388671875
-0.7847137451171875
0.942626953125
0.41851806640625
0.9879608154296875
0.0550994873046875
0.724395751953125
-0.3778228759765625
0.930206298828125
-0.4881439208984375
0.847869873046875
0.9101104736328125
-0.9163055419921875
-0.6644134521484375
-0.0498809814453125
-0.4300079345703125
0.2231292724609375
0.9128265380859375
0.3678741455078125
0.66314697265625
-0.41796875
