40
40
0.03936767578125
-0.4954376220703125
0.6544952392578125
-0.930999755859375
-0.8408203125
-0.4154205322265625
0.1325531005859375
-0.8101959228515625
-0.0784759521484375
-0.92913818359375
0.610870361328125
0.4130096435546875
0.9764556884765625
-0.6551666259765625
0.620941162109375
0.3766632080078125
-0.940032958984375
0.24737548828125
0.41998291015625
0.3092193603515625
-0.7078399658203125
0.59759521484375
0.330841064453125
0.1971282958984375
0.50762939453125
-0.78997802734375
0.4593048095703125
0.9885101318359375
0.0129547119140625
-0.8539886474609375
-0.1877288818359375
0.2385406494140625
0.4409332275390625
-0.205291748046875
-0.639739990234375
0.287841796875
0.544097900390625
-0.025238037109375
-0.62786865234375
0.6917877197265625
0.9551239013671875
0.71588134765625
0.087890625
0.335906982421875
-0.470489501953125
0.509796142578125
0.706207275390625
0.5393218994140625
-0.949005126953125
0.5608062744140625
0.001312255859375
-0.075714111328125
-0.721893310546875
-0.4799957275390625
-0.56982421875
-0.712554931640625
0.7760162353515625
0.11468505859375
-0.8389739990234375
-0.0792694091796875
0.2309417724609375
-0.5992279052734375
0.3934783935546875
-0.5206451416015625
0.281402587890625
-0.3554534912109375
0.0263519287109375
-0.3307647705078125
-0.096221923828125
0.3079071044921875
0.06890869140625
0.7198638916015625
-0.581451416015625
0.654327392578125
0.1254119873046875
-0.7779998779296875
-0.117645263671875
0.151824951171875
-0.7189483642578125
0.749237060546875
0.4214935302734375
-0.6790008544921875
-0.717620849609375
-0.538848876953125
-0.3473968505859375
0.8147125244140625
-0.9299163818359375
-0.7775421142578125
0.20880126953125
0.331268310546875
0.5507659912109375
-0.306549072265625
-0.6843414306640625
0.1200103759765625
0.582977294921875
-0.7176361083984375
-0.113006591796875
-0.839447021484375
-0.87115478515625
0.13946533203125
0.5676116943359375
-0.9381561279296875
0.54254150390625
0.75897216796875
-0.851165771484375
-0.0290374755859375
0.222625732421875
0.888427734375
0.716583251953125
0.5929107666015625
-0.9346466064453125
0.8837890625
0.43377685546875
-0.7479248046875
-0.9265289306640625
-0.6464385986328125
-0.0353546142578125
-0.1268310546875
0.3828887939453125
-0.2226409912109375
-0.0457611083984375
0.0880279541015625
0.18255615234375
-0.96240234375
-0.3001861572265625
0.297271728515625
-0.6344146728515625
0.64990234375
-0.010101318359375
0.506927490234375
0.1405487060546875
-0.49365234375
-0.8766632080078125
0.847747802734375
-0.3416290283203125
0.648651123046875
-0.7860870361328125
-0.2469329833984375
-0.589019775390625
0.868377685546875
-0.81982421875
0.361328125
0.706207275390625
-0.4072418212890625
-0.761322021484375
0.520050048828125
0.9172515869140625
-0.2280731201171875
0.465484619140625
-0.8502655029296875
0.98193359375
0.4552001953125
0.0547027587890625
-0.8076934814453125
-0.6519012451171875
-0.044586181640625
-0.452301025390625
0.082427978515625
-0.676055908203125
-0.6168212890625
0.5858001708984375
-0.0349884033203125
0.722930908203125
0.72601318359375
-0.021331787109375
-0.28338623046875
-0.54998779296875
0.2922821044921875
-0.805938720703125
0.3470916748046875
0.9481048583984375
-0.6091766357421875
0.1541900634765625
-0.648406982421875
0.4336700439453125
-0.3732452392578125
0.64306640625
0.9993133544921875
0.847076416015625
0.62841796875
0.14288330078125
-0.012237548828125
0.2131195068359375
0.74688720703125
0.7631072998046875
0.119232177734375
-0.537994384765625
-0.9363861083984375
-0.3805389404296875
0.0863189697265625
0.0482940673828125
0.5865936279296875
-0.1383209228515625
-0.34326171875
-0.6990966796875
0.8964996337890625
-0.881866455078125
0.75469970703125
-0.7501678466796875
-0.2819366455078125
0.7834014892578125
-0.4706268310546875
0.6444854736328125
0.33697509765625
0.96466064453125
-0.4764404296875
-0.5256195068359375
0.7672119140625
-0.552093505859375
0.703094482421875
-0.9718170166015625
0.8087921142578125
0.450592041015625
-0.765472412109375
0.4141998291015625
-0.7572174072265625
0.6797027587890625
0.514434814453125
0.5799102783203125
-0.5870513916015625
0.0807647705078125
0.72418212890625
-0.1959991455078125
-0.72662353515625
0.193878173828125
-0.0678863525390625
0.0204010009765625
-0.0222930908203125
0.055328369140625
0.968231201171875
0.3271484375
0.49127197265625
0.711944580078125
0.5909423828125
-0.1769561767578125
-0.8269195556640625
0.53997802734375
0.1404876708984375
0.2231292724609375
-0.6420440673828125
0.3564300537109375
-0.6220550537109375
0.2816925048828125
-0.369384765625
-0.266693115234375
-0.354583740234375
-0.818023681640625
0.5959930419921875
0.709136962890625
0.110870361328125
-0.95050048828125
-0.2155303955078125
0.2577362060546875
0.598419189453125
0.456878662109375
0.0730438232421875
0.2165985107421875
-0.5791778564453125
-0.9112091064453125
0.2380218505859375
0.9804534912109375
0.4569244384765625
0.0343475341796875
-0.5216522216796875
-0.0122222900390625
-0.6637115478515625
-0.0885162353515625
0.86004638671875
0.013427734375
0.546142578125
0.1719512939453125
-0.561737060546875
-0.54718017578125
0.262451171875
0.4913787841796875
-0.4717559814453125
-0.653228759765625
-0.9229278564453125
-0.352783203125
-0.662933349609375
0.8379364013671875
-0.9402923583984375
-0.70587158203125
0.4622802734375
0.337188720703125
0.920196533203125
0.656402587890625
-0.9597320556640625
-0.0394744873046875
-0.2521820068359375
-0.5019683837890625
-0.5725555419921875
0.10308837890625
0.876800537109375
0.4606781005859375
-0.0375823974609375
0.4596099853515625
0.9963531494140625
-0.3325653076171875
0.7393646240234375
-0.2288818359375
-0.51885986328125
0.59735107421875
0.4776458740234375
-0.749053955078125
-0.9902191162109375
-0.106719970703125
0.9641571044921875
0.4733428955078125
-0.53033447265625
-0.2425384521484375
-0.4596710205078125
0.7321319580078125
0.6752471923828125
0.7295379638671875
0.4828338623046875
0.01220703125
0.970184326171875
0.276641845703125
0.5652618408203125
0.06195068359375
-0.086883544921875
-0.869232177734375
0.6773529052734375
0.1903839111328125
0.191864013671875
0.593994140625
-0.8896331787109375
-0.3003082275390625
0.055419921875
0.036376953125
-0.6042022705078125
-0.0547637939453125
-0.061859130859375
-0.99493408203125
0.71197509765625
0.3137359619140625
0.7745513916015625
0.248199462890625
0.567047119140625
0.632720947265625
0.6181640625
-0.432373046875
-0.658233642578125
-0.844635009765625
-0.40606689453125
0.8130950927734375
-0.6391754150390625
-0.92694091796875
-0.4015045166015625
-0.8849029541015625
0.38592529296875
0.042144775390625
-0.6645660400390625
-0.75091552734375
0.126739501953125
-0.699493408203125
0.714996337890625
0.9902191162109375
0.79150390625
-0.7930145263671875
-0.007781982421875
-0.3574676513671875
0.4965057373046875
-0.6474761962890625
0.5561981201171875
0.3328399658203125
-0.918609619140625
0.4425506591796875
0.463470458984375
0.8968048095703125
-0.503662109375
0.88812255859375
-0.2673187255859375
-0.4616546630859375
-0.6915435791015625
-0.7928314208984375
0.3473663330078125
-0.773895263671875
0.2917327880859375
0.9433441162109375
-0.2365875244140625
0.8492431640625
-0.2986907958984375
0.656951904296875
0.5601348876953125
0.3661651611328125
-0.7248992919921875
0.711456298828125
-0.562164306640625
-0.0493621826171875
0.747802734375
0.9306640625
-0.0651092529296875
-0.0876312255859375
0.606842041015625
-0.1218109130859375
0.5542144775390625
-0.0890655517578125
0.769561767578125
0.4371185302734375
-0.8496551513671875
0.69781494140625
-0.966705322265625
0.747650146484375
-0.2120208740234375
0.842254638671875
-0.34039306640625
0.38165283203125
-0.6505126953125
0.1886749267578125
-0.1693115234375
0.1615142822265625
-0.89056396484375
-0.7489471435546875
-0.6131134033203125
-0.6831817626953125
0.631011962890625
0.5008087158203125
-0.938201904296875
-0.9549713134765625
-0.350311279296875
0.2071075439453125
-0.88427734375
-0.8860931396484375
-0.7696685791015625
0.8310394287109375
-0.017425537109375
-0.6949615478515625
-0.79656982421875
-0.819610595703125
-0.655242919921875
-0.5744171142578125
-0.3451385498046875
0.8487548828125
0.39874267578125
-0.2389068603515625
-0.3381500244140625
0.6779632568359375
-0.660888671875
0.4464874267578125
-0.7022857666015625
-0.092315673828125
-0.9517974853515625
0.8077239990234375
-0.4157562255859375
-0.340911865234375
-0.6888427734375
-0.422882080078125
0.1262969970703125
0.8146209716796875
0.6720733642578125
-0.4136199951171875
0.84564208984375
-0.885162353515625
-0.70050048828125
0.458038330078125
0.9272003173828125
0.33160400390625
-0.661224365234375
-0.41204833984375
0.8388519287109375
-0.830780029296875
0.5022125244140625
0.7650146484375
0.285675048828125
-0.4102783203125
-0.202667236328125
0.8119659423828125
-0.937225341796875
-0.4080963134765625
-0.0603485107421875
0.14215087890625
0.98822021484375
0.15728759765625
-0.8378143310546875
0.8759002685546875
-0.9052276611328125
0.708648681640625
-0.24603271484375
-0.3013153076171875
0.8586883544921875
-0.36785888671875
0.0695343017578125
-0.201416015625
-0.0764312744140625
-0.6467132568359375
0.1960906982421875
-0.393035888671875
-0.8266448974609375
0.31707763671875
-0.404693603515625
-0.42633056640625
0.40997314453125
0.7263336181640625
0.408203125
-0.4878387451171875
-0.2526092529296875
-0.210205078125
-0.31170654296875
0.1048431396484375
-0.7535552978515625
-0.1919708251953125
-0.5215301513671875
-0.2984771728515625
-0.4547882080078125
0.9924163818359375
0.6467437744140625
-0.40875244140625
0.20233154296875
-0.6804351806640625
-0.0736236572265625
-0.72119140625
-0.7606353759765625
-0.15631103515625
-0.7447357177734375
0.032745361328125
0.6703033447265625
-0.8654022216796875
0.7716522216796875
0.951904296875
-0.4728851318359375
0.3152618408203125
-0.40130615234375
-0.8340911865234375
0.57037353515625
0.5133056640625
-0.354248046875
0.4645233154296875
0.2116851806640625
0.4163665771484375
-0.7171478271484375
0.8480377197265625
0.521514892578125
-0.434814453125
-0.9754791259765625
0.1898193359375
0.064361572265625
-0.40496826171875
0.8173675537109375
0.6729736328125
0.8568115234375
-0.0580596923828125
0.59197998046875
0.952423095703125
0.3061676025390625
0.6911468505859375
-0.7465057373046875
0.4333038330078125
0.5368499755859375
0.920074462890625
-0.0104217529296875
-0.243499755859375
-0.8173370361328125
-0.2336273193359375
0.82073974609375
-0.0642547607421875
-0.6935577392578125
-0.246063232421875
-0.23828125
-0.2282867431640625
-0.447509765625
0.8872833251953125
-0.7317962646484375
-0.36834716796875
-0.45574951171875
0.462493896484375
-0.8225860595703125
0.664794921875
-0.329864501953125
0.2531280517578125
0.892822265625
0.5423431396484375
0.1699371337890625
-0.9405059814453125
-0.2100372314453125
0.1636505126953125
-0.5842132568359375
0.9364166259765625
-0.1761627197265625
-0.9612884521484375
-0.2973785400390625
-0.3557281494140625
-0.9098663330078125
-0.3978729248046875
0.1095733642578125
-0.0564117431640625
0.03363037109375
-0.8226318359375
-0.8948211669921875
0.7416534423828125
-0.5844268798828125
-0.8827667236328125
-0.2548065185546875
-0.694305419921875
-0.242095947265625
0.500823974609375
-0.5975341796875
0.8123626708984375
-0.602294921875
0.1572418212890625
0.9874114990234375
0.4727020263671875
-0.4664764404296875
0.476104736328125
0.2275848388671875
-0.048980712890625
0.6595306396484375
0.0076904296875
0.6000213623046875
0.4127349853515625
0.9000091552734375
0.077301025390625
-0.5711517333984375
-0.5529632568359375
-0.7784881591796875
-0.8464202880859375
0.106231689453125
0.5062408447265625
0.9615936279296875
0.4091339111328125
0.661041259765625
0.1046905517578125
-0.870330810546875
-0.5296173095703125
0.4299774169921875
-0.4221343994140625
0.4690704345703125
-0.2756500244140625
-0.5117645263671875
0.0014190673828125
-0.8111419677734375
-0.528106689453125
0.026947021484375
0.222381591796875
-0.1435394287109375
-0.2948455810546875
0.9411163330078125
0.7093505859375
0.3660888671875
0.1429595947265625
0.58612060546875
0.958892822265625
0.7552337646484375
-0.541290283203125
0.7008514404296875
-0.0866851806640625
-0.5772705078125
-0.7548370361328125
0.7675628662109375
-0.313995361328125
-0.090850830078125
-0.6801605224609375
0.1218414306640625
-0.1708831787109375
-0.358795166015625
-0.5913238525390625
0.6391143798828125
0.4136962890625
0.1258697509765625
0.2586517333984375
0.1599273681640625
0.8591766357421875
0.1307830810546875
-0.1914825439453125
-0.514984130859375
-0.6890411376953125
0.926727294921875
0.458526611328125
0.93792724609375
0.518341064453125
-0.8712158203125
0.7735748291015625
-0.51885986328125
-0.263885498046875
-0.1058807373046875
0.460296630859375
0.159637451171875
0.8207550048828125
-0.042266845703125
-0.713104248046875
-0.633453369140625
-0.8942718505859375
0.36590576171875
0.1604766845703125
0.8737335205078125
-0.960357666015625
0.8555450439453125
-0.9895477294921875
-0.3115692138671875
-0.7899169921875
0.089813232421875
0.9069366455078125
-0.8068695068359375
-0.96533203125
-0.2350921630859375
-0.79656982421875
0.4571685791015625
-0.1023406982421875
0.7256317138671875
-0.0472564697265625
-0.509185791015625
-0.8123931884765625
0.3498382568359375
0.70220947265625
-0.87957763671875
-0.0721435546875
-0.3288726806640625
0.6091766357421875
0.3223114013671875
0.395172119140625
0.00140380859375
-0.0088043212890625
-0.3499755859375
0.2311859130859375
-0.4121246337890625
-0.418853759765625
0.8652496337890625
-0.4617156982421875
0.4012603759765625
0.31781005859375
0.2327728271484375
-0.1829071044921875
-0.7835235595703125
-0.8261566162109375
-0.9792327880859375
0.380645751953125
0.3307342529296875
-0.2087554931640625
-0.4341278076171875
-0.86468505859375
-0.404693603515625
0.326446533203125
0.4866790771484375
0.9450225830078125
0.84521484375
0.453094482421875
0.0800933837890625
-0.1775665283203125
0.635589599609375
0.7593231201171875
-0.908294677734375
0.0737457275390625
0.6768951416015625
-0.5802459716796875
0.5484619140625
-0.54437255859375
0.15545654296875
0.913360595703125
0.4703826904296875
0.1007537841796875
0.78668212890625
-0.630126953125
0.485565185546875
-0.8130645751953125
0.9387664794921875
0.81524658203125
-0.23785400390625
-0.6541290283203125
-0.6458282470703125
0.8869781494140625
0.50238037109375
0.9462890625
-0.8401031494140625
-0.4796905517578125
-0.565948486328125
-0.51287841796875
0.1770172119140625
-0.5344696044921875
0.3536224365234375
-0.7216949462890625
-0.3966064453125
-0.63580322265625
-0.4449462890625
0.776092529296875
0.444610595703125
-0.64910888671875
-0.2002410888671875
0.817108154296875
-0.492095947265625
-0.1023406982421875
-0.1092376708984375
0.5308074951171875
0.158050537109375
0.806427001953125
0.6024017333984375
-0.0942230224609375
-0.423126220703125
-0.9165191650390625
-0.9588470458984375
-0.62506103515625
-0.9128265380859375
0.8884429931640625
0.9825897216796875
-0.068756103515625
-0.276611328125
0.1023406982421875
0.50982666015625
-0.7127685546875
0.0873870849609375
0.357574462890625
0.6925201416015625
0.5723876953125
0.454986572265625
0.944488525390625
-0.928375244140625
-0.3168182373046875
-0.1572265625
0.967010498046875
-0.512847900390625
-0.6513519287109375
0.4543609619140625
0.8565216064453125
-0.9031219482421875
0.472198486328125
-0.34088134765625
0.04168701171875
0.22869873046875
-0.3916015625
0.8746490478515625
0.6677703857421875
-0.406463623046875
0.3161773681640625
-0.200897216796875
0.9990081787109375
0.1169891357421875
0.410675048828125
-0.8561553955078125
-0.96160888671875
0.6450042724609375
0.16143798828125
-0.9661102294921875
-0.739898681640625
-0.389068603515625
0.6309967041015625
-0.3397674560546875
-0.2487030029296875
0.6495361328125
0.5239410400390625
0.5794830322265625
0.862518310546875
0.491241455078125
0.061187744140625
-0.33856201171875
0.31256103515625
-0.6916656494140625
-0.0213165283203125
0.3924560546875
0.008636474609375
0.2114715576171875
0.2755279541015625
-0.237396240234375
-0.669921875
-0.33685302734375
-0.1628265380859375
-0.0803985595703125
-0.22943115234375
-0.8053741455078125
-0.4006805419921875
0.1844024658203125
-0.591888427734375
-0.350433349609375
0.0924224853515625
0.826690673828125
-0.7788543701171875
-0.9454803466796875
-0.3562774658203125
-0.470367431640625
-0.3753814697265625
-0.3884124755859375
0.3697967529296875
-0.0235595703125
0.3720245361328125
0.855926513671875
-0.4405975341796875
-0.88250732421875
-0.94793701171875
-0.986724853515625
0.8416748046875
0.9822540283203125
-0.52655029296875
-0.5249481201171875
0.41412353515625
0.3475494384765625
0.236236572265625
-0.81268310546875
-0.15185546875
0.033111572265625
-0.5330810546875
0.8812103271484375
-0.086700439453125
-0.65936279296875
-0.9339447021484375
-0.623748779296875
-0.688934326171875
0.3669586181640625
-0.3193817138671875
-0.26678466796875
-0.93994140625
0.192138671875
-0.95294189453125
0.5501708984375
-0.06298828125
-0.235870361328125
-0.78118896484375
-0.931396484375
-0.709716796875
-0.4267578125
-0.3660888671875
-0.47332763671875
-0.324310302734375
0.7386627197265625
-0.0796661376953125
0.0610504150390625
-0.879547119140625
-0.8713836669921875
-0.0176849365234375
0.771331787109375
0.9332275390625
-0.2752685546875
-0.7526092529296875
-0.1688385009765625
-0.5898284912109375
0.1446075439453125
-0.7517242431640625
0.923553466796875
0.6357879638671875
-0.512847900390625
-0.98480224609375
-0.8819122314453125
-0.0311431884765625
-0.7003631591796875
0.392974853515625
-0.4288330078125
0.3967132568359375
0.2286224365234375
0.4836578369140625
-0.7458038330078125
-0.5754547119140625
0.9591217041015625
0.343658447265625
-0.91204833984375
-0.2382354736328125
-0.5762786865234375
0.0066986083984375
-0.667816162109375
-0.9741058349609375
0.440032958984375
-0.68359375
0.4518585205078125
-0.2105255126953125
0.2779693603515625
0.1708831787109375
-0.2861175537109375
-0.63824462890625
-0.0545196533203125
0.1240997314453125
0.8777618408203125
-0.930145263671875
-0.1073150634765625
-0.84625244140625
-0.8976287841796875
0.8605804443359375
0.457855224609375
0.3728485107421875
0.8270416259765625
-0.307098388671875
0.709930419921875
-0.106048583984375
-0.716522216796875
0.3708343505859375
0.7791290283203125
0.5930328369140625
0.49737548828125
0.6485595703125
0.6188812255859375
0.588592529296875
0.3402862548828125
-0.87432861328125
-0.87969970703125
-0.4443206787109375
-0.75048828125
0.67364501953125
0.22369384765625
-0.97998046875
-0.3460540771484375
-0.040313720703125
-0.8333892822265625
0.2932281494140625
-0.4060516357421875
-0.34356689453125
0.2051849365234375
-0.7371673583984375
0.3264312744140625
-0.2275543212890625
-0.6160736083984375
0.673004150390625
0.3388824462890625
-0.631805419921875
-0.548065185546875
0.4331512451171875
0.7952880859375
0.9228057861328125
-0.518707275390625
0.7647247314453125
-0.708251953125
0.51129150390625
-0.3059539794921875
-0.6835479736328125
-0.6416473388671875
0.49029541015625
-0.5919342041015625
-0.3012847900390625
0.5105133056640625
-0.1430816650390625
0.740997314453125
-0.0541229248046875
-0.9145660400390625
-0.8460540771484375
0.0392608642578125
-0.771728515625
0.51617431640625
0.5913543701171875
0.107330322265625
-0.4973602294921875
0.16680908203125
-0.18377685546875
0.7904815673828125
-0.2094268798828125
0.1075286865234375
0.8973388671875
-0.196197509765625
-0.7294921875
0.132904052734375
0.038909912109375
-0.1954345703125
-0.4974822998046875
-0.54095458984375
0.2684783935546875
-0.6218109130859375
-0.198822021484375
-0.423309326171875
-0.14013671875
-0.9355316162109375
-0.76678466796875
0.03729248046875
0.0873565673828125
-0.090667724609375
0.93280029296875
0.020263671875
-0.3759918212890625
-0.1871337890625
-0.3376007080078125
-0.4633636474609375
0.5938568115234375
0.5893096923828125
-0.146728515625
-0.610595703125
-0.9109954833984375
0.99627685546875
-0.9360504150390625
-0.48614501953125
0.5285797119140625
-0.226898193359375
0.0111236572265625
-0.8055877685546875
-0.7448883056640625
-0.8975372314453125
-0.5533294677734375
-0.307891845703125
0.4565582275390625
-0.0684814453125
0.3505706787109375
-0.037017822265625
0.1212158203125
-0.2779083251953125
-0.360992431640625
0.0082855224609375
0.0601043701171875
0.8123779296875
0.0836334228515625
-0.2693023681640625
0.8830413818359375
-0.55810546875
0.9224700927734375
-0.606109619140625
-0.4649505615234375
-0.70330810546875
-0.988739013671875
0.4666900634765625
-0.033294677734375
-0.736541748046875
-0.1016998291015625
-0.9920501708984375
-0.3670806884765625
-0.0696258544921875
-0.7336273193359375
-0.8028106689453125
0.7303009033203125
-0.356903076171875
0.41461181640625
-0.8185272216796875
-0.1377410888671875
0.9192352294921875
-0.724029541015625
0.28662109375
0.667816162109375
0.4604339599609375
-0.4137420654296875
-0.3132781982421875
-0.1044158935546875
0.4934539794921875
0.72528076171875
0.84576416015625
-0.4853668212890625
0.7491912841796875
0.207427978515625
0.1102752685546875
-0.675811767578125
-0.019989013671875
0.3563995361328125
0.5589141845703125
0.7804107666015625
0.8612823486328125
-0.8133544921875
-0.9125213623046875
-0.43896484375
0.6652984619140625
0.5445404052734375
0.356475830078125
-0.07537841796875
-0.11407470703125
-0.9729461669921875
-0.052825927734375
0.9127655029296875
-0.41314697265625
-0.230682373046875
-0.6930389404296875
0.6425018310546875
-0.391998291015625
0.8292236328125
-0.0815277099609375
-0.37469482421875
0.7623748779296875
0.3345184326171875
-0.13812255859375
0.542633056640625
-0.9340362548828125
0.8119354248046875
0.468170166015625
0.05279541015625
-0.9541778564453125
-0.01104736328125
0.1594696044921875
0.8754730224609375
0.856536865234375
-0.073974609375
-0.434844970703125
0.008087158203125
-0.205596923828125
0.4618072509765625
0.4778594970703125
-0.0894317626953125
-0.2650909423828125
-0.2207183837890625
0.7097320556640625
0.823760986328125
0.8370361328125
-0.649566650390625
-0.874359130859375
0.0630340576171875
-0.2290496826171875
-0.2049407958984375
0.41900634765625
-0.314361572265625
-0.145904541015625
0.2841796875
-0.9326019287109375
0.9335174560546875
0.3482818603515625
0.295440673828125
-0.4744720458984375
0.39654541015625
0.2093963623046875
-0.162872314453125
0.4042510986328125
0.0535125732421875
-0.369598388671875
0.0291748046875
0.1250457763671875
-0.113616943359375
-0.479644775390625
0.2736053466796875
-0.5359649658203125
0.3168487548828125
0.7683868408203125
0.557830810546875
-0.6999969482421875
-0.494720458984375
-0.1919403076171875
0.8847198486328125
0.70306396484375
-0.169525146484375
-0.91180419921875
-0.131866455078125
0.8493194580078125
0.4193267822265625
-0.0613555908203125
-0.5904083251953125
0.881378173828125
0.2318115234375
-0.2298126220703125
-0.4035491943359375
-0.8296661376953125
-0.7249603271484375
0.248870849609375
0.8348388671875
0.045166015625
-0.6027984619140625
-0.87811279296875
0.3313446044921875
-0.8317718505859375
-0.294189453125
-0.2571258544921875
-0.2737579345703125
0.7354583740234375
-0.0948333740234375
0.4453582763671875
-0.3975067138671875
0.6083526611328125
-0.7747650146484375
0.053741455078125
0.171051025390625
-0.461151123046875
-0.3796844482421875
-0.286712646484375
-0.630462646484375
0.6810455322265625
-0.4152069091796875
-0.517181396484375
0.395355224609375
-0.39373779296875
-0.671875
0.7932891845703125
0.092193603515625
0.71417236328125
-0.230682373046875
0.861053466796875
-0.830108642578125
-0.912445068359375
0.4777679443359375
0.797943115234375
0.7925872802734375
-0.05267333984375
0.462005615234375
0.7210540771484375
0.228790283203125
0.565155029296875
-0.2202911376953125
-0.7115478515625
0.9135284423828125
-0.927337646484375
-0.9690093994140625
0.325103759765625
-0.899932861328125
0.5163726806640625
0.656524658203125
0.5225830078125
0.2319793701171875
0.8505859375
0.8733062744140625
-0.53656005859375
-0.0175323486328125
-0.4052886962890625
0.36016845703125
-0.2870330810546875
-0.3964385986328125
0.524871826171875
0.2972412109375
-0.3812255859375
0.602294921875
0.0918426513671875
-0.0545501708984375
0.3499908447265625
-0.104827880859375
0.9901123046875
0.032501220703125
0.08740234375
0.345367431640625
0.3275299072265625
0.2294921875
0.043426513671875
-0.8956298828125
0.7054901123046875
0.9285430908203125
0.9533843994140625
-0.617218017578125
0.9113922119140625
0.368316650390625
-0.9497833251953125
0.369964599609375
0.202178955078125
0.4340057373046875
0.4319610595703125
-0.0042877197265625
0.83050537109375
0.7464752197265625
0.6811981201171875
0.3453369140625
-0.3018035888671875
0.046600341796875
-0.970245361328125
-0.1468963623046875
0.1391448974609375
0.5027008056640625
0.11712646484375
0.2365570068359375
-0.18768310546875
0.08056640625
-0.78662109375
0.6077117919921875
0.66131591796875
0.203582763671875
-0.184844970703125
0.699462890625
-0.3396453857421875
0.81964111328125
0.8347625732421875
-0.150604248046875
0.5646514892578125
-0.0702667236328125
-0.3504638671875
0.7452545166015625
-0.27972412109375
0.40655517578125
-0.569061279296875
0.1913299560546875
0.923431396484375
0.3529815673828125
0.205841064453125
-0.17822265625
0.7686004638671875
-0.3338623046875
0.6970977783203125
0.063385009765625
0.4609527587890625
-0.73980712890625
0.2357940673828125
-0.682586669921875
0.91925048828125
0.46685791015625
-0.07354736328125
0.6480255126953125
0.546478271484375
0.418975830078125
0.1802978515625
0.877471923828125
0.3369598388671875
-0.803375244140625
0.016632080078125
0.31854248046875
0.218719482421875
-0.3178558349609375
0.88104248046875
0.1277008056640625
-0.4492645263671875
0.4618682861328125
-0.2381591796875
-0.0748443603515625
0.5182647705078125
0.792327880859375
0.1265106201171875
-0.3324737548828125
0.459014892578125
0.2143707275390625
-0.418731689453125
-0.6763916015625
0.732940673828125
0.475616455078125
-0.4839019775390625
0.525177001953125
-0.9031982421875
0.1689300537109375
0.57879638671875
-0.34783935546875
0.2952880859375
-0.8985443115234375
0.276458740234375
0.6598968505859375
0.025604248046875
0.5951385498046875
0.885345458984375
-0.963165283203125
-0.9813079833984375
-0.5606231689453125
-0.8729705810546875
0.5513458251953125
-0.1887664794921875
0.350372314453125
0.6045074462890625
-0.3591461181640625
-0.8820648193359375
-0.1438140869140625
0.0670623779296875
-0.5662384033203125
-0.53021240234375
-0.6338653564453125
-0.636260986328125
-0.7266845703125
-0.9672698974609375
-0.3246307373046875
-0.95538330078125
-0.6872711181640625
0.991180419921875
-0.291412353515625
0.467559814453125
-0.866851806640625
-0.5425872802734375
-0.6408538818359375
-0.1321258544921875
-0.4551239013671875
-0.90948486328125
0.8046875
0.95562744140625
0.6886138916015625
0.177093505859375
0.6759033203125
-0.5673980712890625
0.4658660888671875
0.190704345703125
0.4583587646484375
-0.5118560791015625
-0.8213653564453125
0.32049560546875
0.0801544189453125
0.3646087646484375
0.3197174072265625
0.306549072265625
-0.123016357421875
-0.087921142578125
0.7711029052734375
0.461822509765625
0.1590423583984375
-0.4861297607421875
-0.42742919921875
-0.0219879150390625
0.0869293212890625
-0.393463134765625
-0.975006103515625
0.6390380859375
-0.811065673828125
-0.6122283935546875
0.586334228515625
-0.3076324462890625
0.8368988037109375
0.2614593505859375
-0.0238189697265625
-0.1972198486328125
-0.402435302734375
0.573516845703125
0.5832672119140625
-0.662200927734375
-0.62811279296875
0.6139068603515625
-0.0958404541015625
-0.5295562744140625
0.4415740966796875
0.4750823974609375
-0.1504669189453125
0.147308349609375
-0.6944580078125
-0.1532745361328125
-0.365081787109375
-0.5684356689453125
0.886566162109375
-0.7217864990234375
-0.7938385009765625
-0.67974853515625
-0.7726593017578125
0.849639892578125
0.096771240234375
0.2360992431640625
-0.8842926025390625
-0.04278564453125
0.918487548828125
0.0498504638671875
0.65167236328125
0.3486480712890625
-0.2298583984375
-0.1060791015625
0.0953216552734375
-0.6497039794921875
-0.5799713134765625
-0.961578369140625
-0.551300048828125
0.029052734375
-0.3420562744140625
0.723876953125
0.1902313232421875
-0.1446075439453125
0.49432373046875
-0.2515869140625
-0.0066375732421875
-0.7908172607421875
-0.54736328125
0.61309814453125
0.7484283447265625
0.13641357421875
-0.111358642578125
0.6153106689453125
0.9262237548828125
-0.6342315673828125
-0.3128814697265625
-0.9184112548828125
0.46435546875
0.3804779052734375
0.7256317138671875
-0.7598114013671875
-0.358856201171875
-0.1312103271484375
0.8302764892578125
0.495025634765625
-0.418243408203125
-0.890899658203125
-0.46563720703125
0.1824188232421875
-0.602142333984375
0.652618408203125
-0.4752044677734375
0.5278472900390625
-0.188262939453125
0.3220977783203125
-0.76031494140625
-0.6102294921875
0.302978515625
-0.768035888671875
0.463043212890625
-0.448516845703125
0.218475341796875
-0.1592254638671875
0.0288848876953125
0.5312042236328125
-0.6884765625
0.46527099609375
-0.2410736083984375
0.0068511962890625
-0.7353515625
0.11712646484375
-0.3427886962890625
-0.4611358642578125
0.8714599609375
-0.22503662109375
0.0965576171875
0.0181121826171875
0.7103118896484375
-0.5109100341796875
-0.5410308837890625
-0.4808502197265625
0.8671875
0.15264892578125
-0.576171875
0.51373291015625
0.123779296875
0.8867034912109375
-0.901580810546875
0.8589935302734375
0.1134033203125
0.2098541259765625
-0.49298095703125
-0.0561981201171875
-0.6103515625
0.3326873779296875
-0.0752105712890625
0.831756591796875
-0.1908721923828125
0.77801513671875
0.2744293212890625
-0.683013916015625
0.788848876953125
-0.76953125
-0.311737060546875
-0.7016754150390625
0.0822906494140625
-0.8811492919921875
0.550506591796875
0.727783203125
-0.0225677490234375
0.3963775634765625
0.3289794921875
0.2023162841796875
0.0385589599609375
0.675079345703125
-0.4813690185546875
0.8046112060546875
0.5052337646484375
0.0674896240234375
-0.4314117431640625
0.4746551513671875
-0.426300048828125
0.4730072021484375
